Measurement,Base Line,Cosine Denorm, Cosine Norm, Pearson Denorm, Pearson Norm
1,1.11195,0.897058,0.902804,1.02782,0.925272
2,1.0797,0.915498,0.8813,0.957619,0.893324
3,1.07182,0.925161,0.903281,0.987451,0.884216
4,1.05139,0.938165,0.860096,0.930309,0.832674
5,1.04383,0.921395,0.881775,0.948156,0.866116
6,1.03952,0.935607,0.871306,0.940676,0.843588
7,1.03867,0.913476,0.853248,0.869857,0.80264
8,1.03431,0.915701,0.863473,0.842907,0.814354
9,1.03265,0.913542,0.890082,0.970211,0.859913
10,1.03228,0.921004,0.849889,0.908046,0.821073
11,1.02817,0.91534,0.868075,0.964685,0.846731
12,1.02696,0.92359,0.856333,0.871303,0.806911
13,1.02151,0.938716,0.861714,0.901069,0.824488
14,1.01519,0.924627,0.871233,0.926576,0.848432
15,1.00754,0.956687,0.85666,0.813792,0.786609
16,1.00432,0.90319,0.838938,0.881,0.809491
17,0.99768,0.92892,0.842843,0.845382,0.799225
18,0.991315,0.951797,0.832384,0.820826,0.789839
19,0.989388,0.910055,0.839374,0.817688,0.800846
20,0.97684,0.963492,0.847452,0.814167,0.79057
21,0.972416,1.0328,0.830427,0.79425,0.78942
22,0.969563,1.00172,0.846788,0.800941,0.794451
23,0.968466,0.993165,0.849096,0.805237,0.803849
24,0.936927,0.977,0.795652,0.771713,0.759063
25,0.936467,0.961662,0.754128,0.776903,0.755628
